# Created by Octave 7.1.0, Tue May 31 10:13:24 2022 GMT <unknown@DESKTOP-LS3AJEK>
# name: M
# type: matrix
# rows: 6
# columns: 6
 43 23 67 23 56 90
 12 34 54 12 4 56
 3 6 89 3 6 12
 23 56 78 2 6 56
 12 56 23 67 67 3
 34 7 4 56 2 23


# name: X
# type: matrix
# rows: 27
# columns: 1
 0
 9.9999999999999991e-05
 0.00025000000000000001
 0.00047499999999999994
 0.00081249999999999996
 0.00131875
 0.0020781250000000001
 0.0032171874999999996
 0.0049257812499999996
 0.0074886718749999992
 0.011333007812499999
 0.017099511718749998
 0.025749267578124999
 0.038723901367187501
 0.05818585205078125
 0.087378778076171879
 0.13116816711425783
 0.19685225067138673
 0.29537837600708006
 0.39537837600708009
 0.49537837600708007
 0.5953783760070801
 0.69537837600708008
 0.79537837600708006
 0.89537837600708015
 0.99537837600708012
 1


# name: Y
# type: matrix
# rows: 27
# columns: 1
 0
 9.9999999999999991e-05
 0.00025000000000000017
 0.00047500000000000482
 0.00081250000000007076
 0.0013187500000007976
 0.0020781250000077517
 0.0032171875000689305
 0.004925781250579968
 0.007488671879710326
 0.011333007849889467
 0.017099512011120414
 0.025749269841831603
 0.038723918779165097
 0.058185985385266231
 0.087379795888791273
 0.13117591702304243
 0.19691110768407366
 0.295823785494429
 0.39727986941313376
 0.50120741527983226
 0.6098920464656441
 0.72671683999666914
 0.8563797301571674
 1.0050518091410532
 1.1802630638857734
 1.1891364997595064


# name: ans
# type: matrix
# rows: 27
# columns: 2
 0 0
 9.9999999999999991e-05 9.9999999999999991e-05
 0.00025000000000000001 0.00025000000000000017
 0.00047499999999999994 0.00047500000000000482
 0.00081249999999999996 0.00081250000000007076
 0.00131875 0.0013187500000007976
 0.0020781250000000001 0.0020781250000077517
 0.0032171874999999996 0.0032171875000689305
 0.0049257812499999996 0.004925781250579968
 0.0074886718749999992 0.007488671879710326
 0.011333007812499999 0.011333007849889467
 0.017099511718749998 0.017099512011120414
 0.025749267578124999 0.025749269841831603
 0.038723901367187501 0.038723918779165097
 0.05818585205078125 0.058185985385266231
 0.087378778076171879 0.087379795888791273
 0.13116816711425783 0.13117591702304243
 0.19685225067138673 0.19691110768407366
 0.29537837600708006 0.295823785494429
 0.39537837600708009 0.39727986941313376
 0.49537837600708007 0.50120741527983226
 0.5953783760070801 0.6098920464656441
 0.69537837600708008 0.72671683999666914
 0.79537837600708006 0.8563797301571674
 0.89537837600708015 1.0050518091410532
 0.99537837600708012 1.1802630638857734
 1 1.1891364997595064


# name: b
# type: scalar
2.5


# name: x
# type: scalar
0.001


# name: y
# type: complex scalar
(-6243.7826999825147,-10814.548867789295)


# name: z
# type: scalar
0


